## htsjdk.samtools.metrics.StringHeader
# CollectInsertSizeMetrics --Histogram_FILE /dev/null --MINIMUM_PCT 0.0 --INCLUDE_DUPLICATES true --INPUT good_mapq.EZPLDC --OUTPUT good_mapq.out.txt --VALIDATION_STRINGENCY SILENT --DEVIATIONS 10.0 --METRIC_ACCUMULATION_LEVEL ALL_READS --ASSUME_SORTED true --STOP_AFTER 0 --VERBOSITY INFO --QUIET false --COMPRESSION_LEVEL 5 --MAX_RECORDS_IN_RAM 500000 --CREATE_INDEX false --CREATE_MD5_FILE false --help false --version false --showHidden false --USE_JDK_DEFLATER false --USE_JDK_INFLATER false
## htsjdk.samtools.metrics.StringHeader
# Started on: Wed Aug 06 17:14:11 PDT 2025

## METRICS CLASS	picard.analysis.InsertSizeMetrics
MEDIAN_INSERT_SIZE	MODE_INSERT_SIZE	MEDIAN_ABSOLUTE_DEVIATION	MIN_INSERT_SIZE	MAX_INSERT_SIZE	MEAN_INSERT_SIZE	STANDARD_DEVIATION	READ_PAIRS	PAIR_ORIENTATION	WIDTH_OF_10_PERCENT	WIDTH_OF_20_PERCENT	WIDTH_OF_30_PERCENT	WIDTH_OF_40_PERCENT	WIDTH_OF_50_PERCENT	WIDTH_OF_60_PERCENT	WIDTH_OF_70_PERCENT	WIDTH_OF_80_PERCENT	WIDTH_OF_90_PERCENT	WIDTH_OF_95_PERCENT	WIDTH_OF_99_PERCENT	SAMPLE	LIBRARY	READ_GROUP
149	143	49	2	14585576	169.203108	93.041654	9857	FR	17	33	53	75	99	125	157	201	293	427	687			
8571724.5	19564	8552160.5	19564	17123885	8571724.5	12094581.366691	2	RF	17104321	17104321	17104321	17104321	17104321	17104323	17104323	17104323	17104323	17104323	17104323			
0	0	0	0	0	0	0	0	TANDEM	0	0	0	0	0	0	0	0	0	0	0			

## HISTOGRAM	java.lang.Integer
insert_size	All_Reads.fr_count	All_Reads.rf_count	All_Reads.tandem_count	category
2	1	0	0	>=20
3	3	0	0	>=20
4	1	0	0	>=20
5	1	0	0	>=20
6	1	0	0	>=20
7	3	0	0	>=20
8	2	0	0	>=20
10	2	0	0	>=20
11	2	0	0	>=20
12	1	0	0	>=20
16	2	0	0	>=20
18	2	0	0	>=20
21	1	0	0	>=20
22	3	0	0	>=20
23	3	0	0	>=20
24	9	0	0	>=20
25	6	0	0	>=20
26	6	0	0	>=20
27	8	0	0	>=20
28	21	0	0	>=20
29	14	0	0	>=20
30	17	0	0	>=20
31	14	0	0	>=20
32	8	0	0	>=20
33	9	0	0	>=20
34	3	0	0	>=20
35	10	0	0	>=20
36	16	0	0	>=20
37	17	0	0	>=20
38	17	0	0	>=20
39	20	0	0	>=20
40	12	0	0	>=20
41	21	0	0	>=20
42	19	0	0	>=20
43	21	0	0	>=20
44	19	0	0	>=20
45	19	0	0	>=20
46	15	0	0	>=20
47	23	0	0	>=20
48	21	0	0	>=20
49	20	0	0	>=20
50	19	0	0	>=20
51	26	0	0	>=20
52	24	0	0	>=20
53	21	0	0	>=20
54	16	0	0	>=20
55	16	0	0	>=20
56	24	0	0	>=20
57	24	0	0	>=20
58	24	0	0	>=20
59	23	0	0	>=20
60	26	0	0	>=20
61	30	0	0	>=20
62	25	0	0	>=20
63	29	0	0	>=20
64	38	0	0	>=20
65	18	0	0	>=20
66	13	0	0	>=20
67	22	0	0	>=20
68	29	0	0	>=20
69	30	0	0	>=20
70	33	0	0	>=20
71	29	0	0	>=20
72	36	0	0	>=20
73	30	0	0	>=20
74	36	0	0	>=20
75	35	0	0	>=20
76	33	0	0	>=20
77	25	0	0	>=20
78	34	0	0	>=20
79	44	0	0	>=20
80	39	0	0	>=20
81	46	0	0	>=20
82	44	0	0	>=20
83	35	0	0	>=20
84	39	0	0	>=20
85	37	0	0	>=20
86	34	0	0	>=20
87	43	0	0	>=20
88	38	0	0	>=20
89	43	0	0	>=20
90	39	0	0	>=20
91	63	0	0	>=20
92	49	0	0	>=20
93	60	0	0	>=20
94	52	0	0	>=20
95	39	0	0	>=20
96	48	0	0	>=20
97	37	0	0	>=20
98	39	0	0	>=20
99	41	0	0	>=20
100	50	0	0	>=20
101	44	0	0	>=20
102	67	0	0	>=20
103	46	0	0	>=20
104	43	0	0	>=20
105	39	0	0	>=20
106	50	0	0	>=20
107	38	0	0	>=20
108	50	0	0	>=20
109	42	0	0	>=20
110	51	0	0	>=20
111	55	0	0	>=20
112	55	0	0	>=20
113	53	0	0	>=20
114	42	0	0	>=20
115	64	0	0	>=20
116	49	0	0	>=20
117	45	0	0	>=20
118	50	0	0	>=20
119	55	0	0	>=20
120	60	0	0	>=20
121	75	0	0	>=20
122	66	0	0	>=20
123	67	0	0	>=20
124	49	0	0	>=20
125	56	0	0	>=20
126	52	0	0	>=20
127	53	0	0	>=20
128	56	0	0	>=20
129	55	0	0	>=20
130	66	0	0	>=20
131	58	0	0	>=20
132	65	0	0	>=20
133	76	0	0	>=20
134	69	0	0	>=20
135	65	0	0	>=20
136	69	0	0	>=20
137	59	0	0	>=20
138	58	0	0	>=20
139	59	0	0	>=20
140	65	0	0	>=20
141	63	0	0	>=20
142	63	0	0	>=20
143	84	0	0	>=20
144	64	0	0	>=20
145	54	0	0	>=20
146	82	0	0	>=20
147	61	0	0	>=20
148	72	0	0	>=20
149	56	0	0	>=20
150	51	0	0	>=20
151	62	0	0	>=20
152	61	0	0	>=20
153	60	0	0	>=20
154	58	0	0	>=20
155	61	0	0	>=20
156	44	0	0	>=20
157	60	0	0	>=20
158	57	0	0	>=20
159	52	0	0	>=20
160	60	0	0	>=20
161	50	0	0	>=20
162	48	0	0	>=20
163	53	0	0	>=20
164	46	0	0	>=20
165	44	0	0	>=20
166	45	0	0	>=20
167	44	0	0	>=20
168	47	0	0	>=20
169	41	0	0	>=20
170	43	0	0	>=20
171	34	0	0	>=20
172	41	0	0	>=20
173	47	0	0	>=20
174	33	0	0	>=20
175	39	0	0	>=20
176	45	0	0	>=20
177	36	0	0	>=20
178	31	0	0	>=20
179	46	0	0	>=20
180	40	0	0	>=20
181	33	0	0	>=20
182	32	0	0	>=20
183	38	0	0	>=20
184	42	0	0	>=20
185	37	0	0	>=20
186	39	0	0	>=20
187	32	0	0	>=20
188	41	0	0	>=20
189	26	0	0	>=20
190	38	0	0	>=20
191	33	0	0	>=20
192	40	0	0	>=20
193	31	0	0	>=20
194	32	0	0	>=20
195	36	0	0	>=20
196	36	0	0	>=20
197	24	0	0	>=20
198	35	0	0	>=20
199	36	0	0	>=20
200	31	0	0	>=20
201	29	0	0	>=20
202	29	0	0	>=20
203	24	0	0	>=20
204	24	0	0	>=20
205	29	0	0	>=20
206	27	0	0	>=20
207	27	0	0	>=20
208	25	0	0	>=20
209	27	0	0	>=20
210	36	0	0	>=20
211	22	0	0	>=20
212	31	0	0	>=20
213	21	0	0	>=20
214	29	0	0	>=20
215	33	0	0	>=20
216	24	0	0	>=20
217	24	0	0	>=20
218	23	0	0	>=20
219	21	0	0	>=20
220	24	0	0	>=20
221	23	0	0	>=20
222	21	0	0	>=20
223	33	0	0	>=20
224	32	0	0	>=20
225	25	0	0	>=20
226	16	0	0	>=20
227	22	0	0	>=20
228	16	0	0	>=20
229	16	0	0	>=20
230	20	0	0	>=20
231	22	0	0	>=20
232	22	0	0	>=20
233	18	0	0	>=20
234	24	0	0	>=20
235	22	0	0	>=20
236	26	0	0	>=20
237	17	0	0	>=20
238	20	0	0	>=20
239	30	0	0	>=20
240	22	0	0	>=20
241	20	0	0	>=20
242	14	0	0	>=20
243	14	0	0	>=20
244	15	0	0	>=20
245	23	0	0	>=20
246	19	0	0	>=20
247	18	0	0	>=20
248	16	0	0	>=20
249	21	0	0	>=20
250	19	0	0	>=20
251	17	0	0	>=20
252	20	0	0	>=20
253	17	0	0	>=20
254	21	0	0	>=20
255	11	0	0	>=20
256	10	0	0	>=20
257	14	0	0	>=20
258	14	0	0	>=20
259	20	0	0	>=20
260	9	0	0	>=20
261	15	0	0	>=20
262	17	0	0	>=20
263	11	0	0	>=20
264	12	0	0	>=20
265	17	0	0	>=20
266	16	0	0	>=20
267	14	0	0	>=20
268	15	0	0	>=20
269	10	0	0	>=20
270	13	0	0	>=20
271	14	0	0	>=20
272	14	0	0	>=20
273	12	0	0	>=20
274	12	0	0	>=20
275	12	0	0	>=20
276	13	0	0	>=20
277	16	0	0	>=20
278	14	0	0	>=20
279	11	0	0	>=20
280	17	0	0	>=20
281	13	0	0	>=20
282	9	0	0	>=20
283	9	0	0	>=20
284	8	0	0	>=20
285	15	0	0	>=20
286	15	0	0	>=20
287	10	0	0	>=20
288	11	0	0	>=20
289	9	0	0	>=20
290	13	0	0	>=20
291	6	0	0	>=20
292	5	0	0	>=20
293	11	0	0	>=20
294	10	0	0	>=20
295	6	0	0	>=20
296	12	0	0	>=20
297	10	0	0	>=20
298	16	0	0	>=20
299	9	0	0	>=20
300	8	0	0	>=20
301	8	0	0	>=20
302	11	0	0	>=20
303	8	0	0	>=20
304	11	0	0	>=20
305	9	0	0	>=20
306	8	0	0	>=20
307	13	0	0	>=20
308	3	0	0	>=20
309	7	0	0	>=20
310	8	0	0	>=20
311	3	0	0	>=20
312	11	0	0	>=20
313	6	0	0	>=20
314	9	0	0	>=20
315	4	0	0	>=20
316	5	0	0	>=20
317	11	0	0	>=20
318	11	0	0	>=20
319	7	0	0	>=20
320	10	0	0	>=20
321	10	0	0	>=20
322	5	0	0	>=20
323	7	0	0	>=20
324	8	0	0	>=20
325	4	0	0	>=20
326	5	0	0	>=20
327	10	0	0	>=20
328	4	0	0	>=20
329	7	0	0	>=20
330	10	0	0	>=20
331	5	0	0	>=20
332	12	0	0	>=20
333	3	0	0	>=20
334	6	0	0	>=20
335	6	0	0	>=20
336	12	0	0	>=20
337	7	0	0	>=20
338	2	0	0	>=20
339	7	0	0	>=20
340	6	0	0	>=20
341	11	0	0	>=20
342	10	0	0	>=20
343	9	0	0	>=20
344	7	0	0	>=20
345	9	0	0	>=20
346	7	0	0	>=20
347	6	0	0	>=20
348	5	0	0	>=20
349	5	0	0	>=20
350	4	0	0	>=20
351	6	0	0	>=20
352	4	0	0	>=20
353	3	0	0	>=20
354	4	0	0	>=20
355	3	0	0	>=20
356	5	0	0	>=20
357	5	0	0	>=20
358	6	0	0	>=20
359	8	0	0	>=20
360	8	0	0	>=20
361	4	0	0	>=20
362	7	0	0	>=20
363	9	0	0	>=20
364	6	0	0	>=20
365	6	0	0	>=20
366	8	0	0	>=20
367	4	0	0	>=20
368	5	0	0	>=20
369	2	0	0	>=20
370	4	0	0	>=20
371	5	0	0	>=20
372	2	0	0	>=20
373	6	0	0	>=20
374	5	0	0	>=20
375	1	0	0	>=20
376	4	0	0	>=20
377	8	0	0	>=20
378	9	0	0	>=20
379	7	0	0	>=20
380	5	0	0	>=20
381	7	0	0	>=20
382	2	0	0	>=20
383	1	0	0	>=20
384	4	0	0	>=20
385	3	0	0	>=20
386	4	0	0	>=20
387	6	0	0	>=20
388	2	0	0	>=20
389	6	0	0	>=20
390	3	0	0	>=20
391	5	0	0	>=20
392	6	0	0	>=20
393	5	0	0	>=20
394	2	0	0	>=20
395	8	0	0	>=20
396	6	0	0	>=20
397	2	0	0	>=20
398	6	0	0	>=20
399	2	0	0	>=20
400	2	0	0	>=20
401	6	0	0	>=20
402	1	0	0	>=20
403	1	0	0	>=20
404	5	0	0	>=20
406	5	0	0	>=20
407	3	0	0	>=20
408	1	0	0	>=20
409	4	0	0	>=20
410	5	0	0	>=20
411	5	0	0	>=20
412	3	0	0	>=20
413	2	0	0	>=20
414	5	0	0	>=20
415	1	0	0	>=20
416	3	0	0	>=20
417	4	0	0	>=20
418	3	0	0	>=20
419	3	0	0	>=20
420	3	0	0	>=20
421	1	0	0	>=20
422	2	0	0	>=20
423	3	0	0	>=20
424	7	0	0	>=20
425	1	0	0	>=20
426	1	0	0	>=20
427	3	0	0	>=20
428	2	0	0	>=20
429	6	0	0	>=20
430	2	0	0	>=20
431	2	0	0	>=20
432	2	0	0	>=20
433	1	0	0	>=20
434	3	0	0	>=20
435	4	0	0	>=20
436	3	0	0	>=20
437	3	0	0	>=20
438	5	0	0	>=20
439	2	0	0	>=20
440	1	0	0	>=20
441	3	0	0	>=20
442	5	0	0	>=20
443	2	0	0	>=20
444	3	0	0	>=20
445	5	0	0	>=20
446	2	0	0	>=20
447	1	0	0	>=20
448	1	0	0	>=20
449	4	0	0	>=20
451	3	0	0	>=20
454	1	0	0	>=20
455	3	0	0	>=20
456	3	0	0	>=20
457	5	0	0	>=20
458	3	0	0	>=20
459	2	0	0	>=20
460	2	0	0	>=20
461	4	0	0	>=20
462	3	0	0	>=20
463	1	0	0	>=20
465	3	0	0	>=20
466	3	0	0	>=20
467	2	0	0	>=20
468	1	0	0	>=20
470	2	0	0	>=20
471	2	0	0	>=20
473	2	0	0	>=20
474	3	0	0	>=20
476	1	0	0	>=20
477	3	0	0	>=20
478	2	0	0	>=20
479	1	0	0	>=20
480	2	0	0	>=20
485	2	0	0	>=20
486	1	0	0	>=20
488	2	0	0	>=20
489	2	0	0	>=20
490	1	0	0	>=20
491	2	0	0	>=20
492	2	0	0	>=20
493	5	0	0	>=20
494	6	0	0	>=20
495	3	0	0	>=20
496	1	0	0	>=20
497	2	0	0	>=20
499	2	0	0	>=20
500	1	0	0	>=20
501	1	0	0	>=20
504	2	0	0	>=20
505	2	0	0	>=20
506	1	0	0	>=20
511	1	0	0	>=20
512	1	0	0	>=20
513	1	0	0	>=20
516	1	0	0	>=20
517	4	0	0	>=20
518	2	0	0	>=20
519	2	0	0	>=20
521	2	0	0	>=20
525	1	0	0	>=20
526	1	0	0	>=20
527	1	0	0	>=20
530	1	0	0	>=20
531	1	0	0	>=20
532	2	0	0	>=20
533	2	0	0	>=20
534	1	0	0	>=20
535	1	0	0	>=20
536	1	0	0	>=20
537	1	0	0	>=20
538	1	0	0	>=20
539	1	0	0	>=20
540	2	0	0	>=20
541	1	0	0	>=20
542	1	0	0	>=20
543	3	0	0	>=20
546	1	0	0	>=20
547	1	0	0	>=20
548	1	0	0	>=20
552	1	0	0	>=20
554	1	0	0	>=20
556	1	0	0	>=20
562	1	0	0	>=20
563	1	0	0	>=20
564	1	0	0	>=20
567	1	0	0	>=20
571	1	0	0	>=20
573	1	0	0	>=20
576	2	0	0	>=20
595	1	0	0	>=20
599	1	0	0	>=20
601	1	0	0	>=20
602	1	0	0	>=20
607	1	0	0	>=20
609	1	0	0	>=20
618	1	0	0	>=20
620	1	0	0	>=20
626	1	0	0	>=20
627	1	0	0	>=20
628	1	0	0	>=20
634	1	0	0	>=20
19564	0	1	0	>=20
17123885	0	1	0	>=20
